24782
713
2954
11373
11588
29357
22308
12428
16068
14044
10735
8092
30399
30409
16791
10750
5624
3065
5383
6793
22473
3916
4865
18367
14794
1620
12175
3105
10471
2671
13955
7753
9918
14744
31182
1520
9155
10387
3983
17642
4915
18438
11693
23990
2597
9010
23466
7876
5350
22250
19115
19082
30173
12671
23838
12417
8937
16348
10142
18727
26598
31947
5543
22725
7540
24024
11967
22381
3328
14691
20849
10830
8993
7230
774
20673
20644
303
4498
12002
5487
29928
23525
27382
5975
2426
26939
20793
21387
28900
12254
19940
624
22277
13040
21874
2517
8060
11727
3973
12525
8249
5851
5722
7042
4140
28728
7436
9299
28824
11744
31189
10522
31234
10284
29549
6150
15895
2620
27048
11171
30416
22390
4129
5870
3663
28706
31443
13365
10520
32166
15594
18621
9096
27059
30293
26243
14178
14122
25446
30970
28493
24105
5354
11112
15901
5859
11278
781
29707
13228
7694
17760
9021
31694
17904
14384
24674
17740
11063
24777
19623
3131
950
20028
22396
13764
3893
27389
4262
11865
4581
30460
11545
17699
15114
15302
32198
30441
28065
29500
30977
27552
1138
5934
5283
9812
29059
12497
31093
11286
6785
20202
3188
23405
1536
6059
11363
28848
32738
